R, G, B
489, 484, 494
494, 495, 506
480, 494, 502
454, 475, 483
456, 486, 491
436, 463, 466
447, 473, 477
450, 473, 479
454, 477, 488
465, 488, 501
465, 489, 502
459, 483, 497
485, 512, 529
481, 504, 521
474, 496, 512
507, 529, 546
506, 528, 544
469, 490, 505
462, 482, 494
438, 461, 474
443, 470, 484
458, 490, 506
459, 493, 507
473, 507, 520
488, 523, 529
472, 507, 511
459, 494, 496
457, 495, 494
472, 510, 507
478, 515, 512
498, 532, 526
514, 544, 537
486, 517, 504
489, 520, 509
489, 516, 507
487, 515, 506
484, 512, 506
503, 533, 529
497, 525, 524
495, 522, 522
477, 504, 503
486, 513, 516
495, 523, 524
459, 487, 489
459, 488, 488
446, 479, 478
440, 475, 473
425, 461, 461
448, 485, 488
459, 495, 498
478, 515, 517
477, 512, 516
485, 522, 528
480, 520, 524
487, 528, 533
492, 531, 539
494, 532, 543
474, 514, 521
450, 487, 489
428, 464, 465
437, 474, 474
432, 472, 474
443, 484, 487
453, 495, 499
460, 499, 504
467, 505, 508
484, 523, 522
493, 531, 531
503, 541, 539
513, 550, 547
517, 551, 547
528, 562, 562
551, 575, 577
562, 587, 591
548, 576, 577
545, 578, 574
530, 567, 560
520, 564, 557
526, 574, 568
530, 580, 576
530, 582, 582
518, 571, 572
541, 592, 591
558, 616, 612
545, 607, 599
539, 603, 596
549, 614, 607
539, 599, 595
544, 601, 591
543, 600, 590
520, 576, 565
497, 551, 539
480, 530, 518
463, 510, 497
452, 494, 481
426, 462, 453
424, 457, 451
429, 461, 455
434, 464, 462
414, 445, 447
443, 476, 478
451, 487, 492
449, 489, 493
443, 482, 487
444, 488, 492
448, 494, 498
473, 516, 517
483, 524, 519
479, 519, 513
483, 522, 512
484, 524, 511
478, 515, 503
494, 534, 523
483, 523, 517
490, 530, 526
477, 517, 513
464, 500, 496
456, 493, 492
457, 492, 487
455, 490, 486
480, 518, 519
496, 538, 537
517, 553, 550
536, 572, 564
545, 583, 574
548, 584, 573
549, 589, 576
535, 570, 560
533, 569, 563
527, 564, 559
515, 555, 550
491, 531, 529
496, 537, 539
520, 556, 562
538, 573, 579
537, 571, 580
561, 595, 601
559, 591, 598
549, 582, 591
540, 579, 586
541, 585, 590
521, 568, 571
508, 555, 557
510, 556, 553
526, 574, 565
515, 560, 551
499, 540, 534
475, 513, 511
476, 512, 513
472, 509, 508
483, 521, 519
474, 515, 514
468, 513, 509
463, 508, 506
483, 529, 526
494, 537, 531
499, 538, 530
514, 554, 547
529, 572, 565
530, 573, 568
523, 570, 564
512, 558, 554
489, 534, 534
476, 521, 525
477, 522, 524
473, 515, 514
473, 515, 513
476, 518, 518
491, 532, 523
500, 536, 529
515, 549, 541
497, 530, 517
480, 516, 503
504, 548, 533
506, 557, 541
500, 555, 539
490, 556, 536
464, 528, 509
451, 510, 492
445, 502, 486
450, 508, 492
473, 530, 515
493, 548, 539
519, 570, 566
517, 564, 566
516, 562, 565
530, 575, 579
551, 591, 595
565, 600, 604
575, 605, 610
574, 603, 609
565, 596, 601
559, 598, 593
526, 565, 559
509, 550, 545
487, 531, 526
462, 506, 502
449, 495, 493
469, 512, 513
474, 511, 515
485, 522, 521
489, 529, 528
502, 544, 542
495, 540, 537
503, 548, 545
520, 564, 554
528, 570, 562
545, 587, 582
549, 600, 593
536, 589, 581
540, 594, 586
534, 588, 578
532, 584, 573
533, 585, 578
525, 576, 570
499, 548, 543
489, 541, 531
509, 559, 549
503, 550, 540
504, 547, 542
500, 543, 543
495, 539, 537
510, 554, 546
524, 568, 559
547, 592, 579
557, 599, 586
561, 604, 588
556, 596, 581
557, 598, 588
564, 602, 596
538, 573, 566
542, 573, 569
551, 590, 586
548, 587, 584
544, 581, 575
553, 590, 581
581, 620, 610
571, 610, 604
570, 611, 605
571, 609, 604
572, 623, 609
580, 628, 616
584, 634, 623
602, 651, 636
599, 646, 632
571, 614, 603
556, 597, 589
556, 595, 586
559, 600, 591
548, 586, 581
569, 603, 600
584, 620, 619
595, 633, 633
583, 624, 626
586, 634, 633
605, 655, 653
620, 683, 672
608, 669, 660
595, 654, 646
583, 644, 634
589, 649, 639
582, 645, 633
565, 625, 614
566, 620, 610
569, 629, 619
570, 632, 625
550, 613, 602
530, 587, 576
522, 572, 561
524, 573, 562
520, 574, 560
523, 581, 566
521, 580, 569
544, 606, 596
575, 638, 632
562, 625, 619
566, 628, 622
596, 652, 644
599, 657, 645
611, 669, 656
649, 707, 694
653, 709, 697
640, 693, 678
629, 682, 666
622, 675, 654
587, 642, 619
586, 646, 625
592, 654, 635
589, 651, 634
572, 632, 617
567, 626, 613
564, 621, 607
581, 637, 625
589, 648, 632
614, 675, 658
632, 695, 679
627, 691, 676
619, 685, 669
627, 698, 682
642, 716, 703
653, 725, 712
652, 722, 708
656, 724, 707
670, 737, 715
667, 734, 706
651, 715, 689
649, 708, 688
644, 696, 678
621, 668, 653
610, 659, 644
624, 671, 658
628, 672, 662
629, 675, 663
635, 684, 676
631, 685, 678
637, 695, 689
629, 687, 684
604, 663, 658
612, 673, 666
633, 695, 686
624, 684, 678
614, 671, 668
623, 676, 675
609, 661, 657
603, 652, 647
608, 656, 652
601, 650, 641
595, 645, 633
610, 663, 647
603, 658, 642
597, 657, 638
589, 652, 634
582, 645, 625
586, 651, 633
588, 651, 637
581, 641, 629
582, 648, 631
595, 660, 646
596, 655, 648
589, 650, 644
579, 644, 639
580, 647, 644
570, 636, 634
585, 646, 644
600, 663, 652
606, 666, 655
612, 673, 663
623, 681, 671
644, 701, 693
631, 684, 677
653, 699, 696
651, 694, 692
642, 692, 686
636, 687, 682
622, 672, 670
609, 664, 660
619, 677, 671
607, 666, 660
610, 670, 665
638, 699, 693
633, 702, 695
619, 690, 679
605, 674, 662
580, 650, 637
594, 664, 647
619, 690, 667
617, 688, 662
618, 690, 665
618, 677, 663
591, 651, 640
588, 645, 636
564, 620, 610
548, 605, 595
559, 617, 606
570, 630, 619
598, 656, 642
599, 653, 630
609, 657, 634
631, 680, 654
635, 679, 655
637, 678, 657
627, 671, 652
613, 662, 644
597, 644, 626
592, 642, 623
581, 627, 606
572, 615, 597
558, 599, 580
559, 599, 585
563, 600, 588
562, 595, 582
577, 607, 596
603, 644, 627
638, 680, 665
667, 707, 693
663, 704, 694
660, 707, 700
644, 701, 694
639, 704, 695
636, 700, 691
628, 690, 676
602, 670, 654
594, 665, 647
600, 676, 655
593, 672, 649
580, 656, 633
579, 645, 627
582, 642, 624
577, 633, 615
534, 589, 570
523, 576, 556
511, 562, 540
487, 533, 514
470, 518, 501
493, 543, 529
523, 573, 559
546, 600, 581
554, 610, 595
560, 615, 602
571, 625, 615
600, 656, 646
603, 658, 649
600, 652, 647
583, 630, 624
571, 619, 610
558, 606, 598
532, 580, 570
532, 582, 570
542, 592, 577
541, 592, 577
535, 586, 573
557, 610, 600
593, 643, 633
622, 666, 658
641, 683, 672
641, 682, 668
646, 690, 673
642, 687, 667
641, 687, 665
640, 684, 665
632, 683, 663
617, 668, 651
597, 647, 634
606, 658, 649
596, 649, 642
591, 643, 635
606, 662, 651
599, 653, 640
595, 646, 637
601, 646, 637
618, 663, 652
636, 675, 662
643, 683, 670
645, 689, 680
669, 711, 703
677, 717, 710
671, 710, 705
687, 729, 726
682, 726, 723
668, 716, 709
673, 724, 716
665, 717, 704
629, 681, 669
615, 667, 657
620, 670, 659
617, 661, 648
614, 656, 642
598, 638, 623
581, 616, 602
593, 621, 609
593, 620, 610
596, 623, 613
592, 621, 615
586, 618, 612
576, 610, 600
574, 614, 602
562, 609, 592
553, 604, 585
556, 606, 585
572, 622, 603
575, 627, 607
594, 645, 626
601, 655, 638
590, 643, 627
592, 646, 629
593, 646, 629
612, 665, 650
627, 685, 667
624, 686, 671
598, 655, 643
588, 643, 630
595, 651, 636
614, 678, 660
609, 679, 659
613, 683, 665
629, 703, 684
633, 715, 689
613, 691, 666
609, 689, 666
606, 680, 662
614, 682, 669
622, 687, 677
625, 690, 681
620, 682, 672
619, 676, 667
625, 679, 673
625, 677, 673
651, 700, 695
664, 719, 712
667, 725, 720
687, 749, 741
710, 775, 766
717, 789, 771
725, 794, 778
748, 820, 802
730, 796, 779
704, 770, 752
668, 734, 713
656, 725, 705
664, 730, 709
642, 718, 693
631, 706, 683
619, 697, 675
615, 689, 668
621, 693, 674
661, 734, 717
677, 752, 736
672, 746, 731
684, 753, 731
694, 758, 739
702, 763, 740
668, 719, 699
646, 694, 677
651, 692, 676
652, 691, 675
656, 696, 683
630, 677, 664
628, 678, 666
651, 702, 689
679, 733, 715
677, 734, 716
677, 735, 717
668, 730, 707
700, 763, 738
733, 797, 768
715, 775, 748
705, 768, 739
705, 769, 738
675, 739, 705
647, 709, 676
654, 719, 683
651, 714, 679
656, 721, 684
661, 726, 695
660, 725, 699
664, 722, 699
678, 735, 715
685, 745, 730
686, 747, 731
680, 741, 722
673, 737, 723
666, 727, 716
691, 761, 753
699, 775, 768
683, 760, 753
663, 740, 730
636, 712, 701
630, 704, 694
635, 712, 698
633, 706, 697
615, 682, 675
606, 668, 660
609, 670, 659
622, 683, 668
637, 699, 678
620, 676, 652
629, 684, 660
662, 720, 697
679, 746, 722
668, 738, 715
663, 737, 717
669, 744, 726
658, 732, 715
679, 749, 732
673, 740, 726
656, 721, 708
649, 711, 701
635, 701, 691
621, 689, 683
600, 668, 663
604, 673, 669
609, 679, 676
634, 707, 704
632, 702, 702
631, 695, 696
628, 681, 684
635, 685, 685
650, 697, 695
663, 713, 707
667, 720, 713
652, 714, 704
662, 729, 719
691, 761, 750
707, 781, 770
695, 772, 760
685, 762, 750
678, 760, 747
659, 735, 723
639, 704, 688
660, 725, 711
806, 878, 869
1021, 1108, 1109
1147, 1245, 1255
1231, 1345, 1362
1289, 1420, 1448
1333, 1475, 1506
1386, 1537, 1581
1439, 1594, 1642
1506, 1661, 1712
1581, 1739, 1788
1687, 1856, 1902
1780, 1962, 2005
1866, 2046, 2091
1966, 2146, 2192
2086, 2269, 2322
2151, 2341, 2400
2220, 2418, 2489
2270, 2482, 2558
2315, 2542, 2619
2401, 2628, 2707
2478, 2707, 2791
2536, 2767, 2856
2605, 2852, 2943
2691, 2938, 3031
2786, 3033, 3114
2852, 3091, 3158
2959, 3196, 3246
3092, 3307, 3351
3228, 3438, 3466
3349, 3556, 3581
3402, 3592, 3608
3492, 3676, 3690
3578, 3753, 3768
3666, 3844, 3868
3744, 3925, 3944
3794, 3986, 4001
3804, 4011, 4021
3844, 4052, 4057
3931, 4154, 4140
3998, 4214, 4198
4029, 4237, 4217
4067, 4269, 4253
4099, 4308, 4287
4092, 4311, 4299
4093, 4331, 4313
4151, 4399, 4381
4160, 4420, 4410
4183, 4450, 4445
4248, 4518, 4527
4253, 4532, 4550
4284, 4574, 4599
4310, 4609, 4646
4315, 4627, 4669
4346, 4652, 4699
4337, 4660, 4717
4349, 4675, 4734
4346, 4682, 4751
4319, 4671, 4753
4298, 4670, 4772
4314, 4703, 4819
4287, 4676, 4805
4262, 4658, 4792
4240, 4659, 4805
4233, 4660, 4814
4258, 4690, 4855
4326, 4770, 4930
4355, 4804, 4971
4357, 4816, 4978
4364, 4837, 5001
4365, 4841, 5002
4322, 4796, 4972
4278, 4760, 4934
4272, 4768, 4956
4281, 4795, 5004
4290, 4814, 5039
4333, 4862, 5105
4337, 4864, 5114
4316, 4841, 5094
4317, 4850, 5109
4331, 4864, 5124
4298, 4842, 5100
4267, 4817, 5087
4240, 4807, 5084
4252, 4841, 5121
4267, 4858, 5150
4275, 4870, 5161
4316, 4923, 5224
4379, 4997, 5294
4431, 5064, 5363
4432, 5087, 5382
4372, 5048, 5354
4331, 5025, 5334
4322, 5025, 5343
4265, 4974, 5284
4242, 4939, 5285
4268, 4950, 5301
4303, 4975, 5338
4335, 5014, 5385
4299, 4991, 5355
4245, 4965, 5328
4198, 4935, 5313
4157, 4903, 5281
4117, 4873, 5262
4077, 4834, 5225
4015, 4775, 5163
4005, 4773, 5169
3988, 4748, 5157
3980, 4727, 5142
3987, 4723, 5136
3987, 4711, 5124
3972, 4708, 5120
3955, 4694, 5105
3954, 4694, 5104
3957, 4693, 5099
3967, 4706, 5104
3976, 4727, 5118
3962, 4715, 5112
3970, 4724, 5117
3923, 4694, 5078
3880, 4649, 5030
3855, 4634, 5024
3843, 4631, 5020
3862, 4662, 5054
3867, 4669, 5069
3869, 4675, 5089
3926, 4741, 5163
3913, 4721, 5171
3916, 4719, 5173
3911, 4713, 5172
3876, 4679, 5141
3876, 4689, 5147
3886, 4707, 5163
3913, 4739, 5194
3929, 4758, 5217
3918, 4759, 5228
3921, 4774, 5243
3927, 4782, 5256
3929, 4785, 5262
3942, 4794, 5279
3936, 4780, 5265
3940, 4777, 5264
3974, 4814, 5304
4015, 4850, 5349
4057, 4897, 5402
4082, 4925, 5436
4076, 4913, 5433
4068, 4907, 5430
4059, 4909, 5433
4029, 4875, 5410
3979, 4820, 5352
3928, 4787, 5336
3964, 4829, 5376
4009, 4884, 5418
3994, 4875, 5401
3969, 4854, 5371
4029, 4927, 5441
4070, 4972, 5488
4100, 5003, 5520
4071, 4979, 5498
4048, 4947, 5466
4059, 4950, 5474
4106, 4999, 5527
4100, 4989, 5525
4054, 4946, 5483
4004, 4897, 5445
3985, 4880, 5431
3930, 4818, 5366
3924, 4805, 5353
3938, 4822, 5371
3967, 4855, 5411
4018, 4928, 5484
4019, 4936, 5496
4004, 4924, 5482
4027, 4944, 5508
4081, 4998, 5546
4130, 5055, 5606
4123, 5052, 5605
4110, 5039, 5597
4112, 5042, 5604
4149, 5083, 5651
4142, 5073, 5643
4121, 5049, 5616
4080, 4995, 5567
4081, 4994, 5565
4088, 4998, 5576
4120, 5031, 5606
4106, 5020, 5591
4097, 5008, 5574
4111, 5025, 5599
4127, 5051, 5626
4120, 5042, 5621
4117, 5046, 5619
4091, 5025, 5598
4079, 5017, 5581
4076, 5014, 5575
4083, 5024, 5584
4125, 5065, 5634
4191, 5136, 5707
4225, 5186, 5762
4225, 5187, 5769
4199, 5158, 5748
4247, 5215, 5808
4258, 5231, 5823
4208, 5176, 5762
4224, 5178, 5763
4255, 5209, 5798
4237, 5181, 5769
4240, 5183, 5766
4255, 5199, 5781
4281, 5233, 5815
4290, 5238, 5821
4296, 5226, 5817
4286, 5212, 5816
4318, 5237, 5844
4346, 5262, 5873
4356, 5268, 5879
4388, 5301, 5905
4427, 5344, 5939
4441, 5361, 5960
4460, 5377, 5982
4382, 5297, 5900
4329, 5244, 5847
4310, 5224, 5839
4320, 5234, 5845
4346, 5275, 5880
4344, 5289, 5888
4329, 5286, 5881
4339, 5304, 5899
4303, 5267, 5867
4342, 5310, 5911
4348, 5327, 5937
4356, 5324, 5939
4371, 5330, 5952
4394, 5358, 5988
4406, 5373, 6012
4456, 5425, 6072
4464, 5425, 6079
4471, 5439, 6093
4449, 5411, 6054
4455, 5417, 6059
4504, 5468, 6105
4515, 5482, 6107
4526, 5504, 6118
4537, 5529, 6139
4506, 5511, 6118
4457, 5467, 6071
4456, 5455, 6062
4453, 5453, 6061
4421, 5420, 6028
4395, 5385, 5993
4421, 5409, 6013
4447, 5427, 6028
4450, 5425, 6024
4407, 5366, 5965
4369, 5301, 5923
4386, 5316, 5941
4452, 5377, 6005
4509, 5443, 6070
4528, 5464, 6092
4546, 5488, 6114
4563, 5509, 6129
4563, 5514, 6126
4544, 5517, 6117
4616, 5597, 6199
4669, 5659, 6257
4699, 5696, 6290
4702, 5699, 6296
4679, 5680, 6281
4665, 5671, 6272
4657, 5664, 6267
4669, 5683, 6293
4671, 5690, 6309
4619, 5652, 6269
4565, 5601, 6222
4474, 5511, 6130
4450, 5490, 6106
4439, 5472, 6089
4448, 5471, 6090
4458, 5455, 6092
4457, 5448, 6081
4525, 5504, 6139
4624, 5597, 6231
4599, 5565, 6194
4580, 5538, 6157
4595, 5557, 6170
4637, 5596, 6207
4701, 5669, 6272
4738, 5719, 6325
4717, 5714, 6318
4725, 5737, 6328
4700, 5718, 6304
4668, 5687, 6271
4658, 5678, 6266
4666, 5694, 6284
4686, 5727, 6339
4683, 5725, 6336
4630, 5670, 6286
4604, 5640, 6261
4583, 5612, 6236
4602, 5626, 6266
4609, 5634, 6275
4557, 5572, 6213
4521, 5534, 6169
4540, 5560, 6197
4550, 5571, 6209
4540, 5562, 6196
4570, 5599, 6230
4616, 5641, 6275
4641, 5665, 6287
4663, 5683, 6296
4672, 5679, 6291
4721, 5736, 6350
4713, 5733, 6343
4710, 5733, 6335
4777, 5796, 6401
4835, 5854, 6457
4865, 5873, 6473
4875, 5882, 6475
4883, 5891, 6492
4893, 5909, 6508
4874, 5892, 6484
4821, 5842, 6436
4752, 5771, 6371
4720, 5743, 6344
4658, 5674, 6277
4622, 5634, 6237
4611, 5616, 6226
4604, 5601, 6206
4584, 5577, 6177
4639, 5635, 6228
4630, 5623, 6217
4568, 5557, 6147
4554, 5552, 6139
4556, 5563, 6150
4627, 5635, 6228
4676, 5696, 6294
4751, 5782, 6382
4810, 5845, 6442
4836, 5866, 6462
4858, 5887, 6484
4866, 5890, 6488
4917, 5946, 6542
4934, 5962, 6563
4895, 5916, 6516
4876, 5898, 6495
4864, 5882, 6483
4886, 5905, 6495
4928, 5948, 6524
4928, 5957, 6521
4965, 6004, 6570
5015, 6063, 6629
5037, 6086, 6657
5017, 6061, 6634
5053, 6103, 6676
5093, 6145, 6722
5180, 6228, 6819
5164, 6206, 6800
5124, 6156, 6746
5115, 6158, 6742
5112, 6154, 6738
5105, 6148, 6737
5083, 6136, 6728
5044, 6108, 6696
5020, 6094, 6676
5044, 6111, 6699
5075, 6144, 6736
5020, 6079, 6688
5023, 6082, 6696
5040, 6103, 6735
5012, 6063, 6694
5131, 6155, 6733
5183, 6170, 6682
5143, 6084, 6524
5224, 6138, 6524
5297, 6190, 6571
5160, 6054, 6450
5113, 6003, 6416
5127, 6015, 6416
5109, 5990, 6372
5114, 5998, 6366
5176, 6066, 6426
5231, 6118, 6475
5297, 6178, 6527
5379, 6264, 6611
5452, 6350, 6685
5478, 6380, 6707
5503, 6401, 6728
5479, 6390, 6708
5461, 6368, 6679
5514, 6426, 6734
5523, 6448, 6752
5494, 6416, 6726
5465, 6377, 6690
5409, 6314, 6627
5367, 6267, 6587
5333, 6230, 6554
5263, 6166, 6490
5241, 6148, 6474
5218, 6124, 6472
5178, 6098, 6477
5193, 6133, 6513
5255, 6212, 6572
5298, 6263, 6602
5311, 6279, 6614
5347, 6316, 6648
5411, 6375, 6703
5456, 6429, 6746
5464, 6438, 6761
5408, 6380, 6709
5352, 6323, 6654
5349, 6325, 6658
5313, 6284, 6642
5289, 6261, 6624
5258, 6234, 6593
5252, 6240, 6596
5237, 6218, 6571
5260, 6225, 6565
5297, 6256, 6587
5345, 6300, 6631
5389, 6347, 6678
5395, 6351, 6696
5392, 6341, 6699
5442, 6406, 6763
5467, 6439, 6803
5478, 6450, 6817
5487, 6462, 6865
5480, 6457, 6929
5486, 6460, 6980
5413, 6376, 6938
5431, 6380, 6936
5489, 6442, 6964
5496, 6474, 7024
5445, 6439, 7041
5481, 6483, 7107
5517, 6526, 7119
5468, 6468, 7007
5435, 6436, 6933
5482, 6487, 6950
5530, 6538, 6979
5573, 6592, 7021
5679, 6703, 7123
5729, 6755, 7169
5715, 6732, 7138
5670, 6675, 7078
5681, 6681, 7083
5715, 6713, 7113
5725, 6714, 7125
5746, 6746, 7159
5721, 6728, 7140
5673, 6682, 7106
5679, 6693, 7120
5665, 6675, 7109
5638, 6648, 7085
5658, 6668, 7106
5684, 6698, 7146
5638, 6643, 7091
5595, 6572, 7015
5655, 6607, 7042
5721, 6672, 7107
5776, 6734, 7188
5763, 6724, 7199
5733, 6685, 7152
5752, 6691, 7131
5850, 6788, 7212
5855, 6804, 7230
5803, 6773, 7217
5854, 6848, 7310
5854, 6851, 7304
5860, 6848, 7281
5891, 6866, 7273
5907, 6875, 7299
5909, 6925, 7389
5898, 6957, 7451
5890, 6949, 7443
5866, 6931, 7413
5789, 6850, 7351
5778, 6796, 7322
5833, 6754, 7296
5909, 6744, 7344
6008, 6811, 7434
6083, 6837, 7492
6117, 6834, 7520
6107, 6791, 7488
6079, 6746, 7437
6014, 6669, 7359
5986, 6629, 7321
5977, 6617, 7296
5972, 6599, 7281
5981, 6575, 7259
5980, 6579, 7271
5958, 6608, 7293
5964, 6653, 7323
6004, 6676, 7338
6017, 6670, 7319
6037, 6696, 7338
6107, 6784, 7425
6172, 6866, 7510
6211, 6935, 7571
6172, 6921, 7550
6091, 6864, 7483
6037, 6805, 7422
6002, 6757, 7364
6014, 6765, 7376
6081, 6834, 7414
6124, 6919, 7455
6111, 6912, 7447
6119, 6891, 7423
6180, 6950, 7494
6165, 6958, 7495
6157, 6925, 7459
6224, 6927, 7460
6220, 6899, 7417
6115, 6787, 7288
6112, 6778, 7273
6199, 6863, 7353
6240, 6906, 7390
6206, 6896, 7361
6173, 6853, 7304
6142, 6838, 7280
6083, 6789, 7231
6075, 6786, 7233
6109, 6841, 7294
6144, 6886, 7343
6227, 6989, 7458
6242, 7002, 7477
6209, 6959, 7432
6177, 6933, 7406
6160, 6921, 7398
6157, 6927, 7402
6215, 6995, 7480
6243, 7042, 7523
6225, 7043, 7521
6216, 7044, 7516
6187, 7017, 7481
6179, 7027, 7492
6226, 7069, 7535
6265, 7111, 7567
6288, 7128, 7580
6223, 7043, 7496
6195, 6997, 7468
6144, 6946, 7426
6130, 6942, 7421
6136, 6956, 7434
6164, 6983, 7459
6169, 6982, 7449
6147, 6963, 7420
6091, 6919, 7370
6071, 6918, 7355
6090, 6940, 7364
6096, 6953, 7365
6100, 6943, 7360
6102, 6955, 7369
6109, 6957, 7371
6118, 6958, 7375
6083, 6897, 7305
6112, 6914, 7308
6121, 6946, 7327
6072, 6904, 7278
6005, 6850, 7225
6000, 6845, 7218
6055, 6911, 7283
6067, 6936, 7297
6117, 6993, 7358
6137, 7009, 7394
6113, 6979, 7381
6071, 6947, 7360
6028, 6887, 7313
5971, 6817, 7245
5914, 6735, 7177
5850, 6666, 7120
5876, 6679, 7140
5925, 6725, 7179
5971, 6778, 7225
5953, 6764, 7201
6018, 6832, 7266
6094, 6912, 7349
6050, 6884, 7327
5966, 6814, 7257
5948, 6795, 7235
5981, 6799, 7230
6063, 6877, 7301
6083, 6894, 7315
6042, 6841, 7264
6081, 6870, 7290
6154, 6967, 7374
6194, 7004, 7388
6214, 7013, 7392
6203, 7020, 7394
6123, 6932, 7319
6067, 6935, 7331
6060, 7087, 7474
6014, 7113, 7491
5992, 7060, 7436
6074, 7048, 7430
6087, 6969, 7359
6076, 6932, 7310
6034, 6907, 7278
5997, 6886, 7251
6039, 6909, 7281
6027, 6887, 7253
6000, 6856, 7209
6053, 6893, 7248
6140, 6960, 7317
6218, 7020, 7370
6229, 7075, 7427
6194, 7126, 7486
6165, 7160, 7522
6159, 7153, 7519
6186, 7181, 7541
6226, 7185, 7529
6169, 7080, 7398
6103, 7011, 7327
6212, 7092, 7393
6266, 7102, 7363
6290, 7073, 7315
6252, 7026, 7286
6166, 6922, 7228
6128, 6854, 7183
6068, 6768, 7086
6089, 6787, 7106
6107, 6817, 7152
6153, 6873, 7214
6139, 6859, 7206
6136, 6869, 7223
6201, 6914, 7264
6249, 6945, 7266
6313, 6999, 7248
6421, 7107, 7313
6476, 7168, 7380
6475, 7169, 7382
6464, 7180, 7441
6483, 7220, 7540
6453, 7195, 7580
6459, 7192, 7572
6480, 7199, 7546
6489, 7205, 7526
6516, 7236, 7530
6490, 7203, 7475
6414, 7121, 7390
6368, 7083, 7348
6333, 7049, 7326
6311, 7024, 7300
6350, 7053, 7298
6328, 6990, 7182
6299, 6936, 7127
6190, 6878, 7176
6178, 6940, 7360
6282, 7068, 7481
6285, 7050, 7437
6292, 7045, 7444
6323, 7072, 7478
6372, 7119, 7539
6389, 7128, 7559
6332, 7058, 7501
6236, 6966, 7424
6236, 6963, 7421
6181, 6888, 7329
6118, 6810, 7247
6107, 6802, 7229
6070, 6768, 7177
6051, 6754, 7144
6068, 6768, 7146
6104, 6798, 7184
6131, 6823, 7205
6139, 6837, 7214
6103, 6813, 7186
6171, 6893, 7267
6315, 7040, 7399
6467, 7215, 7560
6544, 7308, 7641
6547, 7319, 7645
6563, 7344, 7661
6542, 7340, 7655
6470, 7285, 7600
6439, 7267, 7584
6375, 7203, 7516
6302, 7119, 7432
6224, 7045, 7345
6204, 7026, 7324
6203, 7017, 7308
6199, 7007, 7286
6189, 6998, 7260
6197, 7015, 7264
6245, 7079, 7323
6226, 7074, 7316
6235, 7097, 7333
6267, 7127, 7369
6322, 7187, 7435
6395, 7274, 7524
6431, 7316, 7571
6389, 7278, 7524
6361, 7263, 7503
6357, 7275, 7510
6334, 7255, 7487
6305, 7228, 7453
6342, 7286, 7516
6353, 7310, 7546
6369, 7329, 7567
6403, 7363, 7603
6440, 7392, 7638
6446, 7398, 7641
6425, 7365, 7601
6414, 7358, 7599
6389, 7340, 7577
6330, 7283, 7502
6325, 7280, 7492
6263, 7211, 7417
6219, 7156, 7369
6236, 7165, 7379
6294, 7216, 7431
6351, 7255, 7481
6347, 7262, 7488
6391, 7317, 7546
6393, 7328, 7561
6376, 7322, 7551
6364, 7326, 7548
6379, 7366, 7582
6328, 7326, 7536
6299, 7298, 7513
6292, 7287, 7508
6209, 7207, 7438
6099, 7089, 7321
6078, 7063, 7293
6087, 7058, 7291
6132, 7096, 7330
6153, 7107, 7342
6233, 7164, 7418
6237, 7173, 7429
6279, 7223, 7483
6174, 7092, 7358
6021, 6838, 7101
6049, 6743, 6992
6170, 6850, 7075
6188, 6903, 7117
6261, 6968, 7169
6336, 7049, 7240
6381, 7092, 7274
6393, 7108, 7273
6404, 7120, 7267
6425, 7134, 7265
6450, 7157, 7284
6414, 7123, 7239
6438, 7128, 7252
6489, 7172, 7303
6491, 7163, 7315
6468, 7131, 7299
6460, 7133, 7309
6371, 7057, 7236
6346, 7045, 7217
6336, 7041, 7200
6367, 7069, 7221
6366, 7068, 7217
6401, 7105, 7257
6404, 7118, 7282
6450, 7161, 7341
6436, 7143, 7331
6353, 7057, 7252
6326, 7032, 7229
6270, 6953, 7162
6256, 6933, 7142
6261, 6932, 7142
6240, 6897, 7107
6221, 6877, 7083
6222, 6881, 7095
6231, 6899, 7109
6239, 6899, 7103
6220, 6858, 7038
6241, 6872, 7034
6317, 6954, 7110
6331, 6975, 7132
6357, 7001, 7154
6430, 7061, 7215
6462, 7083, 7237
6487, 7102, 7249
6462, 7066, 7205
6431, 7039, 7176
6465, 7082, 7219
6507, 7128, 7259
6489, 7122, 7239
6447, 7088, 7205
6392, 7037, 7153
6368, 7011, 7128
6422, 7039, 7182
6412, 7032, 7174
6405, 7014, 7158
6438, 7036, 7178
6492, 7086, 7229
6511, 7113, 7249
6567, 7175, 7300
6603, 7214, 7346
6554, 7162, 7303
6543, 7154, 7302
6511, 7127, 7283
6532, 7143, 7303
6518, 7134, 7293
6372, 6990, 7146
6344, 6962, 7113
6295, 6907, 7045
6278, 6887, 7035
6344, 6943, 7089
6347, 6936, 7080
6369, 6959, 7103
6353, 6946, 7084
6294, 6892, 7031
6269, 6877, 7017
6250, 6859, 7002
6344, 6940, 7080
6471, 7071, 7211
6532, 7131, 7272
6515, 7110, 7248
6482, 7074, 7201
6421, 7024, 7145
6438, 7053, 7171
6445, 7066, 7178
6361, 6973, 7104
6308, 6923, 7053
6294, 6903, 7039
6304, 6903, 7039
6328, 6923, 7052
6352, 6940, 7072
6396, 6993, 7125
6447, 7049, 7182
6470, 7062, 7190
6436, 7024, 7155
6390, 6979, 7118
6395, 6973, 7118
6397, 6969, 7115
6402, 6967, 7119
6346, 6900, 7062
6334, 6893, 7052
6333, 6893, 7052
6338, 6903, 7059
6359, 6926, 7080
6422, 7001, 7146
6434, 7038, 7195
6527, 7160, 7341
6550, 7189, 7381
6450, 7079, 7264
6417, 7025, 7206
6352, 6955, 7137
6314, 6925, 7109
6326, 6948, 7134
6370, 7000, 7194
6406, 7044, 7226
6361, 7005, 7171
6345, 7000, 7166
6401, 7052, 7241
6402, 7050, 7248
6368, 7002, 7210
6248, 6863, 7081
6128, 6729, 6944
6123, 6711, 6930
6130, 6715, 6939
6141, 6722, 6949
6126, 6719, 6946
6143, 6741, 6977
6209, 6816, 7067
6287, 6904, 7158
6270, 6881, 7133
6225, 6835, 7082
6168, 6777, 7017
6186, 6802, 7038
6267, 6883, 7119
6331, 6954, 7192
6343, 6966, 7192
6366, 6991, 7199
6452, 7081, 7277
6477, 7115, 7299
6481, 7118, 7291
6482, 7127, 7291
6509, 7143, 7317
6468, 7107, 7274
6423, 7062, 7221
6442, 7085, 7238
6417, 7063, 7221
6354, 7009, 7177
6304, 6962, 7131
6267, 6932, 7113
6291, 6976, 7184
6308, 6994, 7205
6266, 6968, 7170
6249, 6957, 7156
6305, 7013, 7209
6338, 7036, 7235
6281, 6961, 7160
6319, 6986, 7190
6369, 7021, 7227
6410, 7067, 7279
6402, 7057, 7264
6385, 7047, 7242
6428, 7096, 7281
6461, 7135, 7321
6452, 7131, 7317
6456, 7135, 7317
6442, 7142, 7324
6457, 7159, 7351
6518, 7226, 7431
6551, 7265, 7477
6519, 7239, 7445
6427, 7148, 7347
6337, 7060, 7264
6348, 7077, 7278
6377, 7097, 7314
6367, 7090, 7311
6363, 7077, 7311
6388, 7110, 7360
6384, 7107, 7353
6285, 7004, 7250
6211, 6929, 7170
6173, 6895, 7125
6155, 6880, 7119
6149, 6880, 7131
6164, 6910, 7166
6202, 6966, 7223
6210, 6985, 7244
6200, 6986, 7245
6182, 6979, 7245
6164, 6964, 7230
6116, 6892, 7145
6070, 6834, 7086
6078, 6830, 7087
6085, 6835, 7095
6082, 6826, 7080
6109, 6847, 7089
6081, 6818, 7060
6047, 6786, 7031
6091, 6829, 7069
6166, 6903, 7138
6208, 6943, 7183
6207, 6957, 7220
6315, 7070, 7356
6330, 7087, 7383
6210, 6965, 7253
6113, 6866, 7152
6118, 6866, 7161
6100, 6847, 7141
6000, 6742, 7033
5915, 6652, 6945
5892, 6630, 6931
5827, 6574, 6869
5766, 6517, 6810
5791, 6546, 6837
5899, 6652, 6942
5979, 6737, 7021
5977, 6729, 7001
5966, 6730, 7000
6024, 6798, 7072
6060, 6842, 7094
6044, 6834, 7074
6120, 6912, 7142
6127, 6910, 7159
6114, 6899, 7151
6130, 6919, 7172
6088, 6861, 7120
6082, 6846, 7109
6142, 6893, 7159
6188, 6923, 7196
6139, 6850, 7113
6069, 6767, 7035
6105, 6805, 7068
6107, 6812, 7075
6084, 6798, 7070
6040, 6754, 7039
5976, 6698, 7000
5947, 6673, 6977
5900, 6626, 6936
5858, 6615, 6950
5873, 6638, 6974
5896, 6670, 7009
5908, 6692, 7040
5915, 6698, 7056
5963, 6750, 7118
5990, 6783, 7160
5970, 6764, 7144
5937, 6710, 7113
5921, 6700, 7107
5957, 6741, 7153
5961, 6749, 7164
5906, 6696, 7103
5888, 6689, 7094
5915, 6719, 7121
5927, 6732, 7125
5919, 6720, 7092
5972, 6772, 7142
6014, 6808, 7182
6033, 6818, 7201
6043, 6825, 7213
6074, 6847, 7242
6091, 6853, 7250
6082, 6836, 7210
6125, 6877, 7237
6108, 6860, 7209
6052, 6801, 7157
6027, 6779, 7147
5994, 6738, 7109
5869, 6603, 6989
5776, 6492, 6897
5781, 6470, 6874
5823, 6487, 6883
5856, 6528, 6920
5814, 6486, 6869
5820, 6504, 6875
5816, 6502, 6858
5786, 6482, 6832
5770, 6480, 6816
5780, 6506, 6827
5866, 6593, 6910
5982, 6729, 7041
6047, 6813, 7125
6089, 6870, 7173
6053, 6843, 7138
5967, 6755, 7051
5912, 6705, 6996
5878, 6670, 6960
5877, 6649, 6954
5856, 6623, 6925
5872, 6638, 6944
5906, 6663, 6975
5904, 6661, 6976
5962, 6720, 7033
5967, 6726, 7030
5981, 6738, 7034
6043, 6797, 7098
6089, 6848, 7151
6120, 6878, 7186
6096, 6842, 7169
6231, 6968, 7318
6320, 7043, 7400
6356, 7068, 7404
6305, 7014, 7330
6308, 7021, 7332
6336, 7045, 7355
6291, 6997, 7314
6204, 6905, 7221
6151, 6844, 7173
6066, 6754, 7090
5968, 6651, 6995
5943, 6624, 6973
5921, 6608, 6964
5878, 6571, 6926
5882, 6585, 6951
5928, 6653, 7018
5897, 6636, 7000
5823, 6564, 6933
5789, 6523, 6886
5762, 6497, 6856
5768, 6492, 6879
5764, 6493, 6879
5795, 6518, 6898
5789, 6514, 6883
5768, 6489, 6849
5797, 6518, 6865
5854, 6577, 6913
5874, 6601, 6934
5866, 6590, 6911
5856, 6575, 6889
5888, 6605, 6913
5936, 6645, 6954
5911, 6614, 6929
5886, 6578, 6907
5900, 6583, 6931
5897, 6580, 6933
5869, 6547, 6907
5862, 6540, 6900
5880, 6556, 6907
5933, 6604, 6946
5969, 6645, 6976
5944, 6621, 6937
5911, 6591, 6898
5967, 6654, 6956
6007, 6701, 6998
6008, 6706, 7000
5995, 6690, 6987
5936, 6642, 6933
5897, 6606, 6896
5911, 6618, 6913
5879, 6586, 6879
5820, 6521, 6817
5825, 6522, 6824
5850, 6538, 6841
5895, 6562, 6878
5907, 6565, 6887
5808, 6462, 6797
5774, 6429, 6767
5761, 6428, 6762
5745, 6410, 6745
5717, 6384, 6735
5741, 6400, 6758
5700, 6359, 6724
5587, 6244, 6616
5502, 6157, 6535
5478, 6122, 6504
5458, 6094, 6466
5460, 6099, 6468
5492, 6133, 6480
5517, 6165, 6503
5561, 6216, 6546
5567, 6230, 6547
5546, 6215, 6528
5549, 6229, 6534
5602, 6296, 6594
5608, 6311, 6604
5613, 6324, 6609
5626, 6344, 6635
5688, 6414, 6711
5725, 6460, 6761
5687, 6416, 6718
5702, 6433, 6740
5665, 6384, 6696
5631, 6338, 6652
5622, 6294, 6625
5601, 6263, 6598
5578, 6223, 6570
5548, 6172, 6528
5499, 6120, 6472
5465, 6090, 6432
5457, 6091, 6423
5442, 6082, 6410
5411, 6058, 6390
5372, 6023, 6353
5373, 6031, 6362
5370, 6033, 6370
5348, 6024, 6355
5337, 6022, 6343
5374, 6071, 6381
5341, 6045, 6346
5298, 5991, 6277
5329, 6021, 6305
5345, 6023, 6309
5340, 6007, 6287
5334, 5993, 6274
5324, 5977, 6262
5306, 5947, 6232
5330, 5977, 6261
5382, 6026, 6311
5433, 6071, 6361
5452, 6080, 6377
5470, 6102, 6407
5416, 6051, 6354
5383, 6023, 6324
5430, 6081, 6382
5453, 6108, 6404
5413, 6057, 6348
5365, 6007, 6299
5356, 5990, 6291
5289, 5920, 6222
5241, 5865, 6167
5250, 5873, 6162
5293, 5925, 6202
5273, 5902, 6176
5253, 5866, 6142
5268, 5881, 6158
5241, 5847, 6125
5222, 5831, 6106
5233, 5850, 6120
5303, 5931, 6197
5369, 6000, 6265
5397, 6038, 6301
5353, 6000, 6265
5295, 5941, 6201
5298, 5934, 6193
5341, 5972, 6225
5332, 5958, 6204
5337, 5966, 6204
5314, 5928, 6160
5288, 5901, 6129
5312, 5902, 6128
5323, 5914, 6137
5338, 5933, 6158
5355, 5955, 6179
5320, 5921, 6146
5237, 5832, 6055
5226, 5813, 6033
5197, 5786, 6006
5149, 5709, 5947
5118, 5681, 5917
5129, 5693, 5932
5146, 5717, 5953
5144, 5719, 5953
5160, 5740, 5968
5199, 5785, 6013
5257, 5853, 6079
5301, 5887, 6118
5294, 5878, 6111
5276, 5857, 6086
5251, 5828, 6049
5213, 5792, 5997
5227, 5801, 5996
5226, 5795, 5983
5254, 5822, 6007
5256, 5809, 5998
5221, 5775, 5966
5229, 5782, 5978
5247, 5795, 5990
5215, 5757, 5949
5206, 5744, 5937
5248, 5781, 5979
5281, 5810, 6008
5288, 5797, 5997
5237, 5743, 5940
5216, 5725, 5922
5180, 5695, 5889
5202, 5721, 5914
5280, 5804, 6000
5274, 5800, 5996
5238, 5762, 5955
5226, 5749, 5942
5257, 5787, 5980
5235, 5768, 5953
5231, 5764, 5950
5242, 5772, 5961
5269, 5790, 5972
5271, 5780, 5958
5253, 5758, 5934
5219, 5702, 5878
5250, 5726, 5907
5257, 5723, 5899
5270, 5729, 5898
5274, 5731, 5894
5292, 5747, 5900
5312, 5773, 5917
5321, 5786, 5923
5344, 5814, 5948
5368, 5843, 5977
5354, 5817, 5944
5334, 5793, 5911
5361, 5812, 5927
5443, 5886, 5999
5460, 5901, 6004
5436, 5875, 5972
5444, 5880, 5966
5469, 5903, 5990
5437, 5874, 5959
5420, 5854, 5931
5430, 5865, 5940
5469, 5907, 5973
5446, 5890, 5946
5408, 5856, 5904
5406, 5849, 5903
5413, 5857, 5910
5371, 5810, 5863
5351, 5784, 5837
5361, 5778, 5832
5360, 5754, 5806
5371, 5760, 5805
5423, 5819, 5858
5453, 5826, 5877
5424, 5793, 5845
5427, 5793, 5849
5407, 5767, 5830
5408, 5767, 5828
5406, 5764, 5832
5379, 5737, 5809
5384, 5743, 5810
5375, 5734, 5807
5340, 5697, 5771
5313, 5673, 5737
5313, 5674, 5731
5292, 5659, 5714
5281, 5657, 5713
5258, 5633, 5696
5285, 5668, 5731
5266, 5649, 5713
5226, 5607, 5676
5227, 5598, 5663
5212, 5582, 5645
5137, 5509, 5570
5095, 5473, 5526
5079, 5462, 5511
5081, 5474, 5521
5051, 5433, 5481
5025, 5401, 5451
5008, 5377, 5430
5007, 5369, 5424
5000, 5361, 5423
4987, 5343, 5411
4961, 5314, 5385
4935, 5288, 5361
4920, 5277, 5351
4903, 5257, 5337
4886, 5239, 5326
4889, 5237, 5324
4919, 5269, 5349
4919, 5256, 5341
4920, 5263, 5349
4944, 5293, 5379
4916, 5265, 5364
4902, 5247, 5349
4873, 5208, 5312
4867, 5198, 5298
4817, 5146, 5241
4781, 5119, 5214
4770, 5119, 5208
4759, 5114, 5194
4772, 5132, 5210
4753, 5113, 5188
4717, 5069, 5148
4663, 5012, 5091
4619, 4958, 5042
4574, 4906, 4997
4512, 4838, 4926
4477, 4795, 4884
4424, 4750, 4846
4383, 4708, 4805
4316, 4649, 4745
4274, 4607, 4701
4247, 4579, 4675
4224, 4559, 4656
4172, 4496, 4597
4119, 4441, 4541
4064, 4395, 4504
3973, 4297, 4412
3915, 4238, 4358
3862, 4182, 4313
3753, 4079, 4215
3594, 3929, 4086
3460, 3815, 3987
3384, 3745, 3915
3270, 3654, 3832
3150, 3540, 3724
3045, 3451, 3638
2980, 3392, 3598
2863, 3289, 3500
2793, 3218, 3439
2686, 3118, 3329
2603, 3038, 3248
2511, 2945, 3168
2442, 2874, 3089
2377, 2813, 3024
2288, 2743, 2946
2221, 2678, 2868
2172, 2630, 2809
2114, 2574, 2745
2058, 2514, 2683
2007, 2465, 2633
1962, 2413, 2571
1928, 2368, 2528
1872, 2297, 2453
1832, 2250, 2403
1789, 2203, 2350
1738, 2152, 2292
1694, 2103, 2236
1679, 2081, 2223
1694, 2095, 2239
1699, 2092, 2240
1692, 2084, 2236
1699, 2092, 2244
1700, 2086, 2247
1667, 2045, 2203
1656, 2039, 2197
1685, 2062, 2213
1677, 2046, 2191
1677, 2037, 2178
1658, 2011, 2142
1644, 1992, 2121
1624, 1957, 2079
1627, 1946, 2063
1594, 1906, 2014
1543, 1835, 1935
1482, 1754, 1852
1406, 1659, 1758
1342, 1576, 1674
1249, 1465, 1548
1198, 1389, 1459
1128, 1291, 1350
1085, 1240, 1284
961, 1085, 1100
665, 752, 732
648, 736, 683
640, 730, 687
629, 717, 683
625, 710, 681
635, 715, 692
625, 702, 683
609, 672, 658
572, 628, 615
552, 600, 593
518, 560, 556
509, 550, 545
501, 535, 530
496, 529, 522
505, 540, 532
540, 577, 562
567, 604, 585
568, 609, 589
571, 611, 594
567, 605, 590
564, 601, 592
538, 575, 570
506, 542, 538
511, 550, 543
522, 561, 551
524, 563, 553
501, 541, 531
499, 534, 522
508, 539, 523
506, 536, 520
502, 532, 516
509, 544, 528
495, 532, 513
475, 508, 488
481, 515, 491
481, 514, 491
487, 519, 499
497, 531, 509
502, 542, 518
499, 548, 526
502, 558, 536
520, 580, 558
530, 590, 568
524, 579, 559
533, 588, 567
542, 595, 575
533, 582, 562
516, 558, 541
495, 536, 521
514, 558, 545
531, 575, 562
540, 582, 569
537, 582, 568
543, 590, 575
538, 590, 575
545, 602, 590
546, 605, 594
549, 606, 595
545, 605, 590
548, 606, 590
570, 631, 613
555, 615, 595
523, 582, 561
525, 582, 565
525, 580, 563
510, 557, 541
485, 526, 513
479, 518, 505
468, 505, 493
464, 502, 489
463, 503, 488
471, 508, 496
471, 508, 494
480, 515, 501
480, 513, 498
478, 511, 499
473, 506, 499
491, 525, 520
505, 541, 537
506, 542, 535
506, 548, 544
526, 573, 567
518, 567, 559
512, 562, 553
516, 563, 552
506, 553, 540
497, 539, 522
486, 523, 510
443, 480, 467
457, 491, 477
463, 492, 480
459, 487, 480
447, 476, 471
442, 473, 466
441, 469, 459
441, 465, 457
443, 468, 460
459, 480, 476
470, 495, 492
459, 488, 487
467, 501, 499
478, 515, 513
483, 520, 514
491, 532, 524
479, 519, 510
489, 528, 513
505, 544, 522
512, 551, 529
506, 543, 521
482, 519, 500
475, 511, 495
472, 505, 492
449, 483, 471
431, 466, 453
446, 479, 464
456, 488, 475
449, 481, 470
459, 491, 482
439, 470, 464
452, 485, 479
475, 507, 503
488, 522, 515
466, 501, 492
474, 507, 501
467, 499, 494
455, 489, 483
441, 474, 466
428, 457, 448
383, 409, 402
382, 406, 399
377, 399, 395
381, 403, 403
374, 399, 397
388, 415, 411
423, 454, 446
435, 476, 467
447, 489, 479
473, 516, 507
465, 509, 497
478, 523, 511
485, 534, 521
482, 526, 512
473, 514, 499
477, 517, 507
483, 523, 513
496, 537, 528
500, 540, 532
499, 537, 528
504, 542, 533
512, 551, 538
487, 524, 511
463, 496, 486
436, 471, 463
451, 487, 476
457, 493, 482
467, 499, 486
461, 492, 476
469, 496, 479
458, 485, 468
477, 500, 482
467, 488, 474
483, 507, 497
494, 521, 512
511, 540, 529
492, 522, 512
488, 522, 510
465, 500, 487
436, 468, 456
433, 465, 450
436, 465, 450
412, 439, 425
415, 438, 425
395, 419, 405
391, 417, 404
396, 418, 405
401, 424, 411
416, 444, 427
426, 458, 439
436, 468, 450
454, 487, 470
465, 503, 486
470, 512, 497
451, 496, 483
448, 493, 484
430, 474, 465
427, 466, 460
429, 468, 462
456, 498, 492
471, 510, 505
457, 494, 488
437, 473, 465
444, 472, 466
447, 469, 463
409, 428, 422
393, 414, 408
391, 412, 405
386, 405, 397
381, 401, 392
386, 406, 398
387, 407, 402
379, 398, 395
369, 389, 389
366, 390, 392
357, 381, 383
355, 376, 378
364, 387, 391
369, 394, 395
368, 394, 393
378, 405, 401
398, 427, 418
412, 439, 430
439, 462, 450
440, 463, 450
425, 446, 430
426, 444, 424
420, 439, 419
419, 438, 417
423, 443, 423
404, 429, 411
414, 442, 426
401, 430, 421
415, 446, 442
419, 454, 451
409, 443, 441
401, 437, 436
397, 439, 436
387, 431, 426
366, 408, 402
344, 380, 372
339, 366, 362
335, 361, 355
358, 380, 374
343, 364, 356
355, 374, 363
371, 387, 374
387, 401, 389
395, 408, 397
391, 404, 393
369, 385, 374
358, 385, 372
353, 384, 371
357, 390, 381
369, 405, 399
420, 458, 452
442, 481, 473
447, 482, 476
438, 473, 467
425, 459, 457
401, 435, 433
377, 408, 403
365, 392, 385
374, 394, 386
374, 385, 376
386, 392, 381
392, 390, 377
407, 396, 385
403, 394, 381
391, 385, 373
380, 380, 367
393, 397, 384
391, 400, 387
386, 397, 386
394, 407, 396
404, 416, 409
411, 427, 417
419, 432, 422
436, 449, 440
435, 450, 439
432, 448, 437
431, 450, 435
433, 453, 435
446, 468, 445
430, 450, 426
425, 445, 419
421, 442, 415
416, 437, 410
402, 421, 394
407, 426, 402
381, 400, 380
358, 381, 367
348, 373, 360
357, 380, 368
372, 399, 389
374, 402, 395
381, 405, 398
402, 424, 416
401, 426, 418
401, 418, 416
408, 424, 417
419, 434, 426
408, 418, 412
401, 407, 400
407, 416, 406
415, 424, 412
388, 395, 380
373, 371, 359
363, 361, 350
359, 366, 356
364, 378, 368
361, 382, 373
376, 401, 392
379, 406, 401
378, 405, 400
396, 422, 419
404, 430, 427
415, 442, 438
403, 431, 425
396, 423, 416
385, 407, 401
386, 404, 394
398, 416, 398
409, 414, 402
415, 417, 404
401, 399, 387
415, 410, 400
391, 388, 376
369, 369, 359
358, 360, 351
349, 353, 343
356, 374, 358
356, 378, 364
367, 392, 379
369, 394, 381
388, 416, 407
420, 449, 443
429, 457, 454
423, 447, 444
413, 438, 435
384, 407, 404
371, 393, 386
359, 379, 371
344, 361, 348
335, 352, 336
340, 359, 344
338, 355, 340
350, 368, 353
335, 352, 340
345, 368, 355
356, 382, 372
350, 383, 372
360, 400, 390
373, 414, 403
379, 420, 408
401, 437, 430
401, 438, 429
416, 448, 438
417, 443, 434
396, 419, 411
399, 424, 415
408, 431, 420
392, 414, 401
378, 397, 389
358, 378, 372
345, 364, 358
331, 347, 342
329, 341, 338
336, 347, 345
340, 351, 349
337, 351, 346
329, 342, 338
320, 336, 334
335, 352, 352
343, 364, 366
355, 375, 379
371, 392, 395
390, 411, 412
405, 428, 426
426, 446, 444
435, 453, 447
450, 466, 458
447, 463, 451
417, 432, 421
390, 404, 396
377, 388, 379
376, 386, 375
369, 375, 360
373, 377, 359
359, 363, 344
359, 365, 352
363, 374, 361
351, 367, 355
350, 371, 363
363, 389, 382
370, 398, 393
362, 394, 389
379, 410, 405
390, 421, 419
399, 427, 430
378, 404, 406
384, 404, 408
383, 401, 404
365, 379, 386
339, 353, 358
327, 340, 342
300, 313, 315
290, 302, 302
280, 291, 290
286, 300, 296
295, 309, 305
304, 318, 312
311, 327, 320
346, 361, 353
352, 365, 361
380, 392, 389
378, 390, 387
388, 400, 398
394, 404, 403
384, 395, 392
367, 377, 372
371, 379, 371
377, 382, 371
365, 374, 359
349, 359, 343
353, 368, 350
338, 355, 336
323, 335, 320
305, 319, 305
308, 323, 308
314, 329, 314
323, 339, 321
306, 322, 305
305, 320, 303
310, 326, 309
318, 334, 320
329, 343, 331
335, 348, 337
335, 345, 337
341, 348, 341
338, 345, 339
344, 350, 343
342, 348, 338
343, 348, 337
335, 338, 325
351, 350, 337
346, 344, 332
345, 345, 332
344, 348, 335
333, 340, 327
316, 326, 313
317, 322, 311
308, 313, 302
325, 332, 322
333, 341, 333
343, 355, 345
366, 379, 371
374, 388, 382
366, 382, 376
370, 383, 377
370, 384, 377
383, 397, 390
390, 402, 397
387, 398, 396
364, 372, 372
349, 355, 353
335, 339, 333
312, 309, 308
293, 290, 288
285, 280, 278
280, 277, 276
285, 282, 281
290, 290, 288
294, 299, 295
305, 312, 308
321, 326, 320
333, 340, 333
341, 347, 340
347, 353, 345
355, 362, 356
349, 350, 354
335, 333, 340
